5, 1, 22, 25, 6, -1, 8, 10
1, 6, -1, 10
5, 1, 22, 25, 6, -1, 8, 10
5, 1, 22, 25, 6, -1, 8, 10
5, 1, 22, 25, 6, -1, 8, 10
5, 1, 22, 6, -1, 8, 10
5, 1, 22, 25, 6, -1, 8, 10
22, 25, 6
5, 1, 22, 25, 6, -1, 8, 10
1, 6, 10
5, 1, 22, 25, 6, -1, 8, 10
5, 1, 22, 10
5, 1, 22, 25, 6, -1, 8, 10
5, -1, 8, 10
5, 1, 22, 25, 6, -1, 8, 10
25
1, 1, 1, 1, 1
1, 1, 1
5, 1, 22, 25, 6, -1, 8, 10
5, 1, 22, 25, 6, -1, 8, 10, 12
5, 1, 22, 25, 6, -1, 8, 10
4, 5, 1, 22, 25, 6, -1, 8, 10
5, 1, 22, 25, 6, -1, 8, 10
5, 1, 22, 23, 6, -1, 8, 10
5, 1, 22, 25, 6, -1, 8, 10
5, 1, 22, 22, 25, 6, -1, 8, 10
5, 1, 22, 25, 6, -1, 8, 10
5, 1, 22, 22, 6, -1, 8, 10
5, 1, 22, 25, 6, -1, 8, 10
1, 6, -1, -1
5, 1, 22, 25, 6, -1, 8, 10
1, 6, -1, -1, 10
5, 1, 22, 25, 6, -1, 8, 10
1, 6, -1, -2
5, 1, 22, 25, 6, -1, 8, 10
27
5, 1, 22, 25, 6, -1, 8, 10
5, 1, 25, 22, 6, -1, 8, 10
5, 1, 22, 25, 6, -1, 8, 10
5, 26, 22, 8
1, 1, 6, 1
1, 1, 1, 6
5, 1, 22, 25, 6, -1, 8, 10
1, 6, -1, 10, 11, 11, 11, 11
5, 1, 22, 25, 6, -1, 8, 10
5, 1, 22, 25, 6, -1, 8, 10, 10
5, 1, 22, 25, 6, -1, 8, 10
1, 6, -1, 5